# Camera list with one line of data per camera:
#   CAMERA_ID, MODEL, WIDTH, HEIGHT, PARAMS[]
# Number of cameras: 238
1 SIMPLE_RADIAL 500 500 337.81123176303078 250 250 0.002899330336182929
2 SIMPLE_RADIAL 500 500 335.85343593316134 250 250 0.0026455032605797162
3 SIMPLE_RADIAL 500 500 336.861902296202 250 250 0.0032463687759608033
4 SIMPLE_RADIAL 500 500 336.63487023118216 250 250 0.003406199427542396
5 SIMPLE_RADIAL 500 500 336.64132698495018 250 250 0.0036412610142381495
6 SIMPLE_RADIAL 500 500 335.97913781964911 250 250 0.0040546123492502424
7 SIMPLE_RADIAL 500 500 335.86591935719929 250 250 0.0041994080590846746
8 SIMPLE_RADIAL 500 500 337.13029775953959 250 250 0.0032955134126194212
9 SIMPLE_RADIAL 500 500 335.25989796079824 250 250 0.0045641175524724874
10 SIMPLE_RADIAL 500 500 335.3914508619755 250 250 0.0049822594190954504
11 SIMPLE_RADIAL 500 500 334.74623214133237 250 250 0.0048183802070694741
12 SIMPLE_RADIAL 500 500 334.56580547785421 250 250 0.0050998844004712714
13 SIMPLE_RADIAL 500 500 334.68930258509602 250 250 0.0051659542475908033
14 SIMPLE_RADIAL 500 500 334.91955011778953 250 250 0.0053269451623067189
15 SIMPLE_RADIAL 500 500 334.58572029184188 250 250 0.0050090319494276213
16 SIMPLE_RADIAL 500 500 334.14345091953533 250 250 0.0053178832890484586
17 SIMPLE_RADIAL 500 500 334.09617955692164 250 250 0.0053179807020057182
18 SIMPLE_RADIAL 500 500 334.15014220915043 250 250 0.0052356944822018261
19 SIMPLE_RADIAL 500 500 333.32080430128133 250 250 0.0051847640821551418
20 SIMPLE_RADIAL 500 500 333.54889302993161 250 250 0.0054888641531043794
21 SIMPLE_RADIAL 500 500 333.29911338859091 250 250 0.0053279205493161992
22 SIMPLE_RADIAL 500 500 332.82850054314105 250 250 0.0055200158336451179
23 SIMPLE_RADIAL 500 500 332.36332068498183 250 250 0.0056447314789014255
24 SIMPLE_RADIAL 500 500 332.15941714004833 250 250 0.0051916786296748365
25 SIMPLE_RADIAL 500 500 331.90600236872217 250 250 0.0054576310673962736
26 SIMPLE_RADIAL 500 500 331.77824731476858 250 250 0.0053016711011037781
27 SIMPLE_RADIAL 500 500 331.15969419048173 250 250 0.0049227231531051461
28 SIMPLE_RADIAL 500 500 330.72679945563328 250 250 0.0049728181888050891
29 SIMPLE_RADIAL 500 500 330.43577252206353 250 250 0.0052152811163263613
30 SIMPLE_RADIAL 500 500 329.67627086932367 250 250 0.0046924861975153184
31 SIMPLE_RADIAL 500 500 329.50341476919817 250 250 0.0048512128603321698
32 SIMPLE_RADIAL 500 500 329.40618914157295 250 250 0.0048377454767649184
33 SIMPLE_RADIAL 500 500 328.14121225880314 250 250 0.0045468812931753737
34 SIMPLE_RADIAL 500 500 328.02696906003558 250 250 0.0046823103917542014
35 SIMPLE_RADIAL 500 500 327.97783831723331 250 250 0.004793052038738658
36 SIMPLE_RADIAL 500 500 327.32140547773997 250 250 0.0045945024834585574
37 SIMPLE_RADIAL 500 500 327.43916558858865 250 250 0.0050011788444093326
38 SIMPLE_RADIAL 500 500 327.28290087590335 250 250 0.0047657100149766929
39 SIMPLE_RADIAL 500 500 327.31350356627655 250 250 0.0049094636977039304
40 SIMPLE_RADIAL 500 500 327.10560297226817 250 250 0.0047163931548475767
41 SIMPLE_RADIAL 500 500 327.81580501430841 250 250 0.0051044896123709797
42 SIMPLE_RADIAL 500 500 327.07724463682712 250 250 0.0054385548525960406
43 SIMPLE_RADIAL 500 500 327.4926324952155 250 250 0.0053921951342804884
44 SIMPLE_RADIAL 500 500 327.50318112000025 250 250 0.0053967478995900096
45 SIMPLE_RADIAL 500 500 327.83113182717534 250 250 0.0057347727015170206
46 SIMPLE_RADIAL 500 500 328.18398259075781 250 250 0.0058681799327053958
47 SIMPLE_RADIAL 500 500 327.76085061451136 250 250 0.0060679280268418961
48 SIMPLE_RADIAL 500 500 328.07920744477684 250 250 0.0056567560646978198
49 SIMPLE_RADIAL 500 500 328.74777864433054 250 250 0.0063389734943620161
50 SIMPLE_RADIAL 500 500 328.81797052214637 250 250 0.0061623919945348344
51 SIMPLE_RADIAL 500 500 329.20629150688245 250 250 0.0062483828483329848
52 SIMPLE_RADIAL 500 500 328.49679195914536 250 250 0.006137166654220403
53 SIMPLE_RADIAL 500 500 328.98233449547195 250 250 0.0058333436884558205
54 SIMPLE_RADIAL 500 500 329.31141122895184 250 250 0.0058715534579097091
55 SIMPLE_RADIAL 500 500 330.14411208201238 250 250 0.0054140390758313488
56 SIMPLE_RADIAL 500 500 329.22169692181069 250 250 0.005487455402630007
57 SIMPLE_RADIAL 500 500 330.08617802900829 250 250 0.0057474123486597733
58 SIMPLE_RADIAL 500 500 331.47170048935868 250 250 0.0056200644857008954
59 SIMPLE_RADIAL 500 500 329.77926795374816 250 250 0.0058549094886968236
60 SIMPLE_RADIAL 500 500 329.17191721139164 250 250 0.0061578535815478494
61 SIMPLE_RADIAL 500 500 328.07492754281674 250 250 0.0061845665456094247
62 SIMPLE_RADIAL 500 500 327.69963921968719 250 250 0.0062533852490885156
63 SIMPLE_RADIAL 500 500 328.11338518433848 250 250 0.0066367530898431204
64 SIMPLE_RADIAL 500 500 328.08696797658632 250 250 0.0063430538369385493
65 SIMPLE_RADIAL 500 500 328.07412374044372 250 250 0.0063480292393261308
66 SIMPLE_RADIAL 500 500 327.88534133276943 250 250 0.0063085205148283039
67 SIMPLE_RADIAL 500 500 327.90641518947916 250 250 0.0064592708646963835
68 SIMPLE_RADIAL 500 500 327.61656650240377 250 250 0.0063680967110656501
69 SIMPLE_RADIAL 500 500 327.87847642852267 250 250 0.0063642932570459098
70 SIMPLE_RADIAL 500 500 327.67690099553226 250 250 0.0063855717649831676
71 SIMPLE_RADIAL 500 500 327.91342229613298 250 250 0.0063966798070367271
72 SIMPLE_RADIAL 500 500 327.75106854177943 250 250 0.0064449930704791897
73 SIMPLE_RADIAL 500 500 328.17540332590789 250 250 0.0067762787675523265
74 SIMPLE_RADIAL 500 500 329.31816951766467 250 250 0.0068992639514686193
75 SIMPLE_RADIAL 500 500 329.8547870260544 250 250 0.0070848223013923765
76 SIMPLE_RADIAL 500 500 329.88845600597938 250 250 0.0067051110677052144
77 SIMPLE_RADIAL 500 500 329.47562389041883 250 250 0.0067485487340496241
78 SIMPLE_RADIAL 500 500 329.9916954358639 250 250 0.0063739813935081886
79 SIMPLE_RADIAL 500 500 329.9754606511309 250 250 0.0064683080435796658
80 SIMPLE_RADIAL 500 500 329.92936654139396 250 250 0.0062249547543072343
81 SIMPLE_RADIAL 500 500 330.45383890425421 250 250 0.006478974483084105
82 SIMPLE_RADIAL 500 500 330.81662585216066 250 250 0.0060604322604012771
83 SIMPLE_RADIAL 500 500 331.110328083723 250 250 0.0059246548306225062
84 SIMPLE_RADIAL 500 500 331.91624484384005 250 250 0.0058691202149534225
85 SIMPLE_RADIAL 500 500 330.89044788096146 250 250 0.0059601309362304466
86 SIMPLE_RADIAL 500 500 331.04300103687933 250 250 0.0059469678132391081
87 SIMPLE_RADIAL 500 500 331.62833193152727 250 250 0.0061083466453321113
88 SIMPLE_RADIAL 500 500 331.75972331918496 250 250 0.0058329181902279179
89 SIMPLE_RADIAL 500 500 332.51401322951921 250 250 0.0055639166532901636
90 SIMPLE_RADIAL 500 500 332.18209052054669 250 250 0.0057001253883625508
91 SIMPLE_RADIAL 500 500 333.29000249508954 250 250 0.0053392214425431878
92 SIMPLE_RADIAL 500 500 332.64591019275883 250 250 0.0057920491972327601
93 SIMPLE_RADIAL 500 500 332.30533947665788 250 250 0.0056815502312221981
94 SIMPLE_RADIAL 500 500 332.59352982156008 250 250 0.0055005195248473459
95 SIMPLE_RADIAL 500 500 333.06553157306507 250 250 0.0052278115537288681
96 SIMPLE_RADIAL 500 500 333.0721701653016 250 250 0.0056686341639517303
97 SIMPLE_RADIAL 500 500 333.04579634281487 250 250 0.005494548286469109
98 SIMPLE_RADIAL 500 500 332.2464856405764 250 250 0.0056078836582424078
99 SIMPLE_RADIAL 500 500 332.42341893598257 250 250 0.0054681232409620638
100 SIMPLE_RADIAL 500 500 332.71987247513687 250 250 0.0053294531735474668
101 SIMPLE_RADIAL 500 500 332.24640873801502 250 250 0.0053798145737372696
102 SIMPLE_RADIAL 500 500 332.14624519328515 250 250 0.005687911761882246
103 SIMPLE_RADIAL 500 500 332.33622388026669 250 250 0.0052562288886084576
104 SIMPLE_RADIAL 500 500 331.60131731646908 250 250 0.0054053806480501114
105 SIMPLE_RADIAL 500 500 330.70039560017574 250 250 0.0057366221403267722
106 SIMPLE_RADIAL 500 500 331.28245513831058 250 250 0.0052498981809335548
107 SIMPLE_RADIAL 500 500 330.99315051013116 250 250 0.0052231421851718814
108 SIMPLE_RADIAL 500 500 331.59468116489774 250 250 0.0047752302489236708
109 SIMPLE_RADIAL 500 500 330.92302650837479 250 250 0.0048228437652856953
110 SIMPLE_RADIAL 500 500 329.34293374076771 250 250 0.0050232470201646015
111 SIMPLE_RADIAL 500 500 330.07994287369098 250 250 0.0047857864167733027
112 SIMPLE_RADIAL 500 500 330.80074162638681 250 250 0.0045769059788410473
113 SIMPLE_RADIAL 500 500 330.99468659328954 250 250 0.0041913550781515476
114 SIMPLE_RADIAL 500 500 331.44939748109164 250 250 0.003692275149273646
115 SIMPLE_RADIAL 500 500 330.21934361590229 250 250 0.0042864537546069819
116 SIMPLE_RADIAL 500 500 330.64026093111858 250 250 0.0039622970105426848
117 SIMPLE_RADIAL 500 500 330.32546839662962 250 250 0.0040110012069525854
118 SIMPLE_RADIAL 500 500 330.38119694439837 250 250 0.0035796386434264627
119 SIMPLE_RADIAL 500 500 329.36112257301528 250 250 0.0040938177690430684
120 SIMPLE_RADIAL 500 500 330.38770158308319 250 250 0.0031399997095140986
121 SIMPLE_RADIAL 500 500 329.99209228580872 250 250 0.0032677475758972358
122 SIMPLE_RADIAL 500 500 329.63155830219256 250 250 0.0029484992381305797
123 SIMPLE_RADIAL 500 500 329.47511287519518 250 250 0.0031231657980265049
124 SIMPLE_RADIAL 500 500 329.51515131710272 250 250 0.0030255363324901835
125 SIMPLE_RADIAL 500 500 329.63861245685518 250 250 0.0027298045589391339
126 SIMPLE_RADIAL 500 500 328.96421059964536 250 250 0.0031830114813065809
127 SIMPLE_RADIAL 500 500 328.49460026399447 250 250 0.0029432666054075326
128 SIMPLE_RADIAL 500 500 328.50211341782148 250 250 0.0030393825713426943
129 SIMPLE_RADIAL 500 500 327.24156677279581 250 250 0.0030887365096046071
130 SIMPLE_RADIAL 500 500 327.64480099204434 250 250 0.0025788543077031765
131 SIMPLE_RADIAL 500 500 327.11853554038737 250 250 0.0033761867095709061
132 SIMPLE_RADIAL 500 500 328.01131962516126 250 250 0.0030011991453966196
133 SIMPLE_RADIAL 500 500 327.48274152468173 250 250 0.0031808169352264409
134 SIMPLE_RADIAL 500 500 327.51512944324395 250 250 0.0033015790656776922
135 SIMPLE_RADIAL 500 500 327.77468282487143 250 250 0.0022977662919731567
136 SIMPLE_RADIAL 500 500 327.68381983529315 250 250 0.0030282813639082315
137 SIMPLE_RADIAL 500 500 327.69778832234203 250 250 0.0033493596629241887
138 SIMPLE_RADIAL 500 500 327.59328413546763 250 250 0.003162063821904064
139 SIMPLE_RADIAL 500 500 327.77595736658367 250 250 0.0031837015324834377
140 SIMPLE_RADIAL 500 500 327.84796525459114 250 250 0.0034065788242318997
141 SIMPLE_RADIAL 500 500 327.89907338414514 250 250 0.0029866434392555622
142 SIMPLE_RADIAL 500 500 328.00981451019754 250 250 0.0036314287279298834
143 SIMPLE_RADIAL 500 500 329.15364408605922 250 250 0.0035362631673776733
144 SIMPLE_RADIAL 500 500 329.44081968559721 250 250 0.0040635547944513359
145 SIMPLE_RADIAL 500 500 329.45432541315853 250 250 0.0042645692649018255
146 SIMPLE_RADIAL 500 500 330.05169697074513 250 250 0.0035985965898098528
147 SIMPLE_RADIAL 500 500 330.53286791033412 250 250 0.0038585501967694845
148 SIMPLE_RADIAL 500 500 330.97833672297878 250 250 0.0036741978928253524
149 SIMPLE_RADIAL 500 500 331.55520736688368 250 250 0.003536778837520003
150 SIMPLE_RADIAL 500 500 331.74674184746186 250 250 0.0033464779294598767
151 SIMPLE_RADIAL 500 500 332.2639974836959 250 250 0.0034473702355321397
152 SIMPLE_RADIAL 500 500 332.13783992708062 250 250 0.0036733057772067681
153 SIMPLE_RADIAL 500 500 332.9707648793069 250 250 0.0037070935199919964
154 SIMPLE_RADIAL 500 500 332.81412502489906 250 250 0.0038704230447621731
155 SIMPLE_RADIAL 500 500 333.03662288786524 250 250 0.0040123466030670138
156 SIMPLE_RADIAL 500 500 333.11240674218789 250 250 0.0038406810757844229
157 SIMPLE_RADIAL 500 500 334.36383081181208 250 250 0.0039801673101047333
158 SIMPLE_RADIAL 500 500 333.73492472203191 250 250 0.0040060117730512856
159 SIMPLE_RADIAL 500 500 334.5579148270802 250 250 0.0040285794134220579
160 SIMPLE_RADIAL 500 500 334.37923646792621 250 250 0.0041886920967764436
161 SIMPLE_RADIAL 500 500 335.03600899347919 250 250 0.0043716914075521852
162 SIMPLE_RADIAL 500 500 335.03486277822947 250 250 0.0044328514745875704
163 SIMPLE_RADIAL 500 500 334.41793475774193 250 250 0.00462171323511343
164 SIMPLE_RADIAL 500 500 334.59440027583531 250 250 0.0048541772475255837
165 SIMPLE_RADIAL 500 500 335.09856529645691 250 250 0.005589225365740285
166 SIMPLE_RADIAL 500 500 335.53339407053573 250 250 0.0052784963065505633
167 SIMPLE_RADIAL 500 500 334.99231277188261 250 250 0.005631825969314953
168 SIMPLE_RADIAL 500 500 334.62427149714108 250 250 0.0057709533919038502
169 SIMPLE_RADIAL 500 500 334.42162930810701 250 250 0.0065222861132961012
170 SIMPLE_RADIAL 500 500 334.97471693245546 250 250 0.0059093694261657531
171 SIMPLE_RADIAL 500 500 334.62848247489421 250 250 0.0063508149939179833
172 SIMPLE_RADIAL 500 500 335.27774260132389 250 250 0.0061527510337178659
173 SIMPLE_RADIAL 500 500 335.56272780256694 250 250 0.0061673418169516641
174 SIMPLE_RADIAL 500 500 335.19720691325256 250 250 0.0062286281616224298
175 SIMPLE_RADIAL 500 500 335.87741684254263 250 250 0.0064122946136387316
176 SIMPLE_RADIAL 500 500 335.99410840005248 250 250 0.0064776468170178424
177 SIMPLE_RADIAL 500 500 335.67274935617638 250 250 0.0069556765817965337
178 SIMPLE_RADIAL 500 500 335.90186886555591 250 250 0.0066556705705531185
179 SIMPLE_RADIAL 500 500 335.69773930223175 250 250 0.0066532354788675398
180 SIMPLE_RADIAL 500 500 335.56365219269009 250 250 0.0069685426243535414
181 SIMPLE_RADIAL 500 500 335.84836337831644 250 250 0.0071217598881205407
182 SIMPLE_RADIAL 500 500 335.94638163291864 250 250 0.0070513199140900245
183 SIMPLE_RADIAL 500 500 336.2286060613971 250 250 0.0072931028253168974
184 SIMPLE_RADIAL 500 500 336.30889163307614 250 250 0.0073898030612198819
185 SIMPLE_RADIAL 500 500 335.84615194785192 250 250 0.006886693818767867
186 SIMPLE_RADIAL 500 500 336.23936885787327 250 250 0.0068628466115368859
187 SIMPLE_RADIAL 500 500 336.36764353923201 250 250 0.0068589944966412309
188 SIMPLE_RADIAL 500 500 336.32733012200248 250 250 0.0067192999458253648
189 SIMPLE_RADIAL 500 500 336.32656706395312 250 250 0.006506249999120744
190 SIMPLE_RADIAL 500 500 336.43528466889882 250 250 0.0064237432689784836
191 SIMPLE_RADIAL 500 500 336.02248579458615 250 250 0.0063545250511091479
192 SIMPLE_RADIAL 500 500 336.02036254566036 250 250 0.0062658266718357957
193 SIMPLE_RADIAL 500 500 335.97954734824236 250 250 0.006309644950679442
194 SIMPLE_RADIAL 500 500 336.08482419895813 250 250 0.005956705654332625
195 SIMPLE_RADIAL 500 500 335.54025845511694 250 250 0.0058151952208328967
196 SIMPLE_RADIAL 500 500 336.93740116726474 250 250 0.0059690268571859426
197 SIMPLE_RADIAL 500 500 335.94665185182214 250 250 0.0057141991602013996
198 SIMPLE_RADIAL 500 500 335.80556795188056 250 250 0.0058141288482153018
199 SIMPLE_RADIAL 500 500 336.02788652161144 250 250 0.0056384788671861195
200 SIMPLE_RADIAL 500 500 335.80516216509767 250 250 0.0054147580914655066
201 SIMPLE_RADIAL 500 500 336.51566434678409 250 250 0.0054044105025360025
202 SIMPLE_RADIAL 500 500 334.9793759907173 250 250 0.0047855505883415963
203 SIMPLE_RADIAL 500 500 335.53311057733447 250 250 0.0047110891013862934
204 SIMPLE_RADIAL 500 500 335.61110721118212 250 250 0.0042958481779042891
205 SIMPLE_RADIAL 500 500 334.99370467114778 250 250 0.0041532783879285329
206 SIMPLE_RADIAL 500 500 334.73661998442537 250 250 0.0039400094538415949
207 SIMPLE_RADIAL 500 500 334.59477850674421 250 250 0.0035267566752730469
208 SIMPLE_RADIAL 500 500 334.61659933268652 250 250 0.0033194468914876378
209 SIMPLE_RADIAL 500 500 334.73213258294095 250 250 0.0030685389870814947
210 SIMPLE_RADIAL 500 500 334.57021112004401 250 250 0.0027231697749513523
211 SIMPLE_RADIAL 500 500 334.58409381899429 250 250 0.0025538871779029258
212 SIMPLE_RADIAL 500 500 334.9138759694477 250 250 0.0021301220263696108
213 SIMPLE_RADIAL 500 500 334.79502718918752 250 250 0.0023822615441415488
214 SIMPLE_RADIAL 500 500 335.07653793853706 250 250 0.002475308577290209
215 SIMPLE_RADIAL 500 500 335.06997434783239 250 250 0.0024005914517233246
216 SIMPLE_RADIAL 500 500 334.57932059827328 250 250 0.0022479684107107904
217 SIMPLE_RADIAL 500 500 334.15942533559434 250 250 0.0022278519851526286
218 SIMPLE_RADIAL 500 500 334.8824515498892 250 250 0.0025315043956589968
219 SIMPLE_RADIAL 500 500 334.97166158276576 250 250 0.0022695099879392459
220 SIMPLE_RADIAL 500 500 335.34022761380078 250 250 0.0024893646131759731
221 SIMPLE_RADIAL 500 500 335.36215075578309 250 250 0.0026218510550491711
222 SIMPLE_RADIAL 500 500 335.44919449149546 250 250 0.0024201198710674986
223 SIMPLE_RADIAL 500 500 335.87412812333014 250 250 0.0026491060083054844
224 SIMPLE_RADIAL 500 500 335.84106902376197 250 250 0.0027965784871517903
225 SIMPLE_RADIAL 500 500 335.99218252989908 250 250 0.0027728579601818525
226 SIMPLE_RADIAL 500 500 336.12319544188392 250 250 0.0028353233147825965
227 SIMPLE_RADIAL 500 500 336.00475188940698 250 250 0.0029111217288311335
228 SIMPLE_RADIAL 500 500 335.65965043207109 250 250 0.0029054048017538316
229 SIMPLE_RADIAL 500 500 335.7918391442451 250 250 0.0026276207486218895
230 SIMPLE_RADIAL 500 500 335.03905011243825 250 250 0.0024975978604215004
231 SIMPLE_RADIAL 500 500 335.01848101809929 250 250 0.0025987266380806339
232 SIMPLE_RADIAL 500 500 334.8202860944923 250 250 0.0024472203429005916
233 SIMPLE_RADIAL 500 500 334.55747949147724 250 250 0.0024857741625869075
234 SIMPLE_RADIAL 500 500 334.40196243848897 250 250 0.0019613242444026695
235 SIMPLE_RADIAL 500 500 334.31399542148392 250 250 0.0020415391229365262
236 SIMPLE_RADIAL 500 500 333.61260751078356 250 250 0.0019634721788918054
237 SIMPLE_RADIAL 500 500 333.30846030228804 250 250 0.0016306622650228736
238 SIMPLE_RADIAL 500 500 332.96426185389953 250 250 0.0013613801435455306
