# Frame list with one line of data per frame:
#   FRAME_ID, RIG_ID, RIG_FROM_WORLD[QW, QX, QY, QZ, TX, TY, TZ], NUM_DATA_IDS, DATA_IDS[] as (SENSOR_TYPE, SENSOR_ID, DATA_ID)
# Number of frames: 238
1 1 1 -1.742227471345119e-14 -1.4397539842272584e-13 9.4336170670975466e-15 6.2093133995008349 0.41434613045368512 -0.37285234881043883 1 CAMERA 1 1
2 2 0.99999859454164575 0.00095674767869544412 -0.0011356991651329188 -0.00077829044628984748 6.1642501530362983 0.40247980803729622 -0.37445612214339419 1 CAMERA 2 2
3 3 0.99999688549608245 0.0015345922731416425 -0.0013053655782056682 -0.0014731073951012245 6.1079220244275909 0.3907494670866265 -0.35905565764924108 1 CAMERA 3 3
4 4 0.99999156923239096 0.0027480061832274236 -0.0018091667030322659 -0.002456998575080754 6.0571104074507565 0.37659336974298624 -0.35114938775966903 1 CAMERA 4 4
5 5 0.99998830198803401 0.0033683357516985438 -0.0020880121970516296 -0.0027731582026937944 6.0039453255880213 0.37078734743329345 -0.34481882246190132 1 CAMERA 5 5
6 6 0.99998259646628684 0.0042681360754525484 -0.0026272545416336345 -0.0031124447879939798 5.9523019015767487 0.3642068474214199 -0.34083081900862938 1 CAMERA 6 6
7 7 0.99997231722326507 0.0058739389695797927 -0.0025930050776744686 -0.0037600469122965018 5.8993707287679644 0.35509661231644341 -0.33893606721698988 1 CAMERA 7 7
8 8 0.99996443852836725 0.0067696392546420757 -0.003170923057113635 -0.0039037046475326716 5.8479054183650137 0.35478530202704595 -0.3180333522135918 1 CAMERA 8 8
9 9 0.99996126209731528 0.0068528078160561678 -0.0035909297253699309 -0.0041974460673101944 5.794284670845653 0.34429371628992567 -0.32784910088334124 1 CAMERA 9 9
10 10 0.99995099714503111 0.0081390810280812242 -0.0032127992942466875 -0.0046299664546648684 5.7412469931705967 0.33772379760129428 -0.32724604467417484 1 CAMERA 10 10
11 11 0.99994551637515239 0.0085989676522530093 -0.0037222581670388094 -0.0046007424056722828 5.6891568751987558 0.33548462780210797 -0.32546515372799312 1 CAMERA 11 11
12 12 0.99993580902580148 0.0094479288902750477 -0.004190809211654478 -0.0046423685497786237 5.6366734583962037 0.33301739025745813 -0.31880351480808677 1 CAMERA 12 12
13 13 0.99992747840241025 0.010328596471898457 -0.0040926187971788708 -0.0046484946056698602 5.5831325364338795 0.33065165722149426 -0.31630852962487382 1 CAMERA 13 13
14 14 0.99992774836449361 0.010363476001126803 -0.0045475691178679068 -0.0040516701502326946 5.530252295599464 0.33488075627673441 -0.30691910317274962 1 CAMERA 14 14
15 15 0.9999191572982804 0.011089304634115817 -0.0048194626982374896 -0.0039343322087573122 5.4780022835628284 0.33371538504468529 -0.30544896073376987 1 CAMERA 15 15
16 16 0.99990915634278055 0.011923053724789967 -0.004798564481541547 -0.0040612351152179999 5.4246252875065739 0.33002017389685173 -0.30747249161176238 1 CAMERA 16 16
17 17 0.99990880904632018 0.01186825034639493 -0.0054316912595211249 -0.0034662595612700848 5.3721975554650019 0.33406930963174625 -0.29932148235617934 1 CAMERA 17 17
18 18 0.9999016561595675 0.012417955675329063 -0.0056896641893962796 -0.0031780666468097601 5.3196455546208128 0.33477534667818853 -0.29411342985172079 1 CAMERA 18 18
19 19 0.99990122400437409 0.012582710239496236 -0.0055319814599418069 -0.0029351011414292952 5.2659952940781025 0.33410832664348256 -0.30253899791327266 1 CAMERA 19 19
20 20 0.99990329975678838 0.012391144174872743 -0.0058222028433831223 -0.0024398023637824057 5.2126440985421354 0.33594036059804722 -0.29556922928475265 1 CAMERA 20 20
21 21 0.99989509663233456 0.012946538967495055 -0.0061579065776547013 -0.0020647144979960516 5.160229053065259 0.33733978434546719 -0.29249833022096766 1 CAMERA 21 21
22 22 0.9999009101626255 0.012581680713973991 -0.0060985315362759559 -0.001636789377418063 5.1062997217150965 0.33813113167332937 -0.29648218480666699 1 CAMERA 22 22
23 23 0.99990055308595627 0.012444616235185653 -0.0065152924820657786 -0.001251570625644618 5.0535631254626816 0.3387597320748002 -0.29516262668988547 1 CAMERA 23 23
24 24 0.99989800027428966 0.012775841021405804 -0.0063227478438290163 -0.00088870319902551928 5.0002753532823085 0.3389205602914182 -0.29803038463289044 1 CAMERA 24 24
25 25 0.99990083623257975 0.012358041659800765 -0.0067514124574634482 -0.00012221927735065822 4.9481220835846367 0.3424417288093668 -0.29436510806865973 1 CAMERA 25 25
26 26 0.99990173470107191 0.012129514135017415 -0.0070185115292517031 0.00036922154540683811 4.8944144958724669 0.34414550446271397 -0.29217423806511256 1 CAMERA 26 26
27 27 0.99989807299804367 0.012484556874673243 -0.0068442352176962028 0.0010657854977215091 4.8412238332014388 0.3476765243303454 -0.29874358810656843 1 CAMERA 27 27
28 28 0.99990115648098798 0.011890292399854308 -0.0071627458690931827 0.002234566231642263 4.7877153690807104 0.35509873320883339 -0.29876566055830772 1 CAMERA 28 28
29 29 0.99989522007122 0.011928415176469016 -0.0076249310589219981 0.0030203007219421723 4.7345121968929949 0.35887885228909849 -0.29503336638960909 1 CAMERA 29 29
30 30 0.99989227280524551 0.011884459155170527 -0.0075266278516625887 0.0041895450984862446 4.6814336408750732 0.36627916568522617 -0.30253224842370868 1 CAMERA 30 30
31 31 0.99989131902120998 0.01110172606447866 -0.0080453699454515071 0.0054197644649023524 4.6271281045495423 0.37255210897895874 -0.29815880305722331 1 CAMERA 31 31
32 32 0.99988019887767121 0.0114094612138137 -0.0083422314484151681 0.0063102505196047636 4.5748349729698665 0.37763596030398272 -0.29428684800519822 1 CAMERA 32 32
33 33 0.99987494440037561 0.011317410704680763 -0.0082443101910418416 0.007351402911090911 4.5211421110902146 0.38198915650638338 -0.30669689563266606 1 CAMERA 33 33
34 34 0.99986315207636944 0.010742689705651591 -0.0091857622628234992 0.0085961334008908367 4.4674597481518425 0.38854367454589828 -0.29789797519596134 1 CAMERA 34 34
35 35 0.99984561793630866 0.011230007247896467 -0.0093888318942503737 0.0097199314007231936 4.4131389662935412 0.39489506170967376 -0.29455688580185985 1 CAMERA 35 35
36 36 0.99983202481853306 0.011200625490426237 -0.0096517113006840804 0.010831094352089145 4.360296140742653 0.39991568998581617 -0.29713192205601263 1 CAMERA 36 36
37 37 0.99981805869697815 0.010823879444431639 -0.010398206319913401 0.011771594730824573 4.3067290257965567 0.40340188679220729 -0.28769887931908295 1 CAMERA 37 37
38 38 0.99980249181750569 0.011197260809902677 -0.010758994736900111 0.012403335765549186 4.2530992687325595 0.40396353305864208 -0.28467903626888535 1 CAMERA 38 38
39 39 0.99978781122430571 0.011063929915789713 -0.011485282626620623 0.013038798453734853 4.2005242232452193 0.40434226076773311 -0.27655132917216463 1 CAMERA 39 39
40 40 0.99976919306994527 0.011021297721880858 -0.012657805597217655 0.013411619673230424 4.1484763119587837 0.40232774528893539 -0.26738860466509889 1 CAMERA 40 40
41 41 0.99975392884965808 0.011514471356694049 -0.01293590183428572 0.013862219980309991 4.0943677226050745 0.40110636146842443 -0.25628559479651292 1 CAMERA 41 41
42 42 0.9997392449533008 0.011099400847051749 -0.013744379445913108 0.014468498010752512 4.041637855311051 0.39984355091423979 -0.2546992158209419 1 CAMERA 42 42
43 43 0.99971268866533236 0.011385094753691169 -0.015237415390214296 0.014585640582713595 3.9896135406312965 0.39559897572829328 -0.23696070554861745 1 CAMERA 43 43
44 44 0.99969170061374113 0.012138584150203234 -0.015626068938529115 0.014999482269834056 3.9366593918662507 0.39503642002080286 -0.23190915220514091 1 CAMERA 44 44
45 45 0.99967761633469554 0.012104757008738209 -0.016331166096073768 0.015212865314697543 3.8827578833140093 0.39138292349650994 -0.2218685927365234 1 CAMERA 45 45
46 46 0.99965395066061669 0.012423929971839765 -0.01741118124898508 0.015312598087566635 3.8296850512545078 0.38748493047026356 -0.20795593334915394 1 CAMERA 46 46
47 47 0.99963445017847641 0.012940254562097525 -0.017763986298177777 0.015746638340981552 3.7765379040644804 0.38615468600622765 -0.20745496636555136 1 CAMERA 47 47
48 48 0.99961281396945389 0.012760472890847195 -0.018805780372641228 0.016054130441974564 3.7240768439255589 0.38195344112914514 -0.19647617788334129 1 CAMERA 48 48
49 49 0.99958650337146648 0.01355302107476347 -0.019648951168412511 0.016032985228382927 3.6706180966950543 0.37762597531496528 -0.180736804202943 1 CAMERA 49 49
50 50 0.99957016546964905 0.013943725922199925 -0.019790591049215649 0.016534488692057224 3.6171009730895296 0.37646119257825433 -0.1776945624571569 1 CAMERA 50 50
51 51 0.9995430450349001 0.013877765316618943 -0.020836113399059258 0.016940045176985549 3.5639583787957139 0.37341470217335032 -0.16548695924004417 1 CAMERA 51 51
52 52 0.99951054457354471 0.014646517562935715 -0.021811208315060612 0.016982991533055682 3.5115814521286444 0.36932112116975846 -0.16343494060368424 1 CAMERA 52 52
53 53 0.99948951196349989 0.015162155718618413 -0.02223519051386642 0.017216875783413285 3.4585138382898286 0.36568245446988235 -0.15531322876966588 1 CAMERA 53 53
54 54 0.99946546933138458 0.015247448750637584 -0.023089935725425427 0.017411082361182991 3.4054773990471006 0.36133213589033897 -0.14483668832552077 1 CAMERA 54 54
55 55 0.99944046779193207 0.016332018465112057 -0.02368059136399691 0.017065934060302823 3.3526003981337436 0.35454457038142334 -0.13162694437825567 1 CAMERA 55 55
56 56 0.99941865990238943 0.016618531389154076 -0.024289826429603444 0.017209618978919726 3.3002909343320295 0.35002620729888195 -0.13538904831303258 1 CAMERA 56 56
57 57 0.99939647580789337 0.016857194455673869 -0.025054120942420852 0.017170036739887724 3.246672404507648 0.34519746920448724 -0.12051732578750565 1 CAMERA 57 57
58 58 0.99937363053111861 0.018138406099149497 -0.025537587870188363 0.016467435410716533 3.1940676843517317 0.33621471626173921 -0.10291900677473449 1 CAMERA 58 58
59 59 0.99936001936137386 0.018347088112504597 -0.025928057481121002 0.016452109137809742 3.1412922355334914 0.33046442612530369 -0.11572678882590609 1 CAMERA 59 59
60 60 0.99933671628814791 0.018597756174789599 -0.026820635185819043 0.016152537630790803 3.0899041257883892 0.32335679859824951 -0.11468397865811349 1 CAMERA 60 60
61 61 0.99931526496755307 0.019710929155087133 -0.027369753784609787 0.015211083210683117 3.0379911062319112 0.31310536889863733 -0.12079068211621773 1 CAMERA 61 61
62 62 0.99930206719804582 0.019860346597599471 -0.027971706600481174 0.014782718173332859 2.9863621743484123 0.30455671603795098 -0.11994156335853962 1 CAMERA 62 62
63 63 0.99928210400188033 0.020288111241076903 -0.028692743425748922 0.014156116647900386 2.9342243229287726 0.29627310594924366 -0.11025136434981661 1 CAMERA 63 63
64 64 0.99926520973235611 0.021246890018503571 -0.028950879469463623 0.013396150978423144 2.8816923904556746 0.28725143673710851 -0.10832834012655304 1 CAMERA 64 64
65 65 0.99925098724150196 0.021112139344342824 -0.029784858024972483 0.012829820794579123 2.8298889901907032 0.27810252896893789 -0.10316425953717528 1 CAMERA 65 65
66 66 0.99923214001579275 0.021751338508118171 -0.030320893831457814 0.011943744380467095 2.7764798334100877 0.26914160543407567 -0.10128060235831046 1 CAMERA 66 66
67 67 0.99922138255977555 0.022350451128603985 -0.030530450221536345 0.011179337142646248 2.725419297070403 0.25970568109482151 -0.099116508881009618 1 CAMERA 67 67
68 68 0.99920101326781285 0.022477561522909924 -0.031300431929506572 0.010600814760488769 2.6727000869722963 0.25216210008506834 -0.097591329286070047 1 CAMERA 68 68
69 69 0.99918495570862409 0.022988999208291654 -0.031704299823948449 0.0097860908246987163 2.6203543156251339 0.24294347967568677 -0.092115934130215529 1 CAMERA 69 69
70 70 0.99918108858060006 0.023422725276744986 -0.031686460173589712 0.0091921926200839912 2.5680335892012347 0.23511931232555661 -0.093629654670604745 1 CAMERA 70 70
71 71 0.9991683765830125 0.023253433468327173 -0.032338785999238444 0.0087198617246537855 2.5162519500002105 0.22824973391295345 -0.087741457405220699 1 CAMERA 71 71
72 72 0.9991592497188504 0.02362508112913805 -0.0325008778203471 0.0081450711361288359 2.463363456809252 0.22059684529116147 -0.087829137120251879 1 CAMERA 72 72
73 73 0.999158537225735 0.024089297300718734 -0.032298304926212822 0.0076643814740876342 2.4100121989820913 0.21466469076509634 -0.083999194465645188 1 CAMERA 73 73
74 74 0.99915371683098775 0.023774645779919511 -0.032745053324581649 0.0073741334156641634 2.3567039413705979 0.20853239743313201 -0.070632108994599735 1 CAMERA 74 74
75 75 0.99914961488862508 0.024394621164159077 -0.032534509279663275 0.0068158075164237095 2.3029911927784852 0.20201242957561566 -0.065945914744674525 1 CAMERA 75 75
76 76 0.99916028372929566 0.024267889238630325 -0.032380714729901949 0.006425440333219342 2.2507724990043441 0.19577827919223786 -0.066650494261799947 1 CAMERA 76 76
77 77 0.99914646217027647 0.023893707483683788 -0.033119024835188075 0.0062103195787913332 2.1985183411161788 0.19013829589333481 -0.066751160193935122 1 CAMERA 77 77
78 78 0.99914757536999732 0.024208942731697495 -0.032892383532176078 0.0060117243483933493 2.1462638506575646 0.18531517302209807 -0.062929606162115931 1 CAMERA 78 78
79 79 0.99915228702024361 0.02391456029573084 -0.033011678861035607 0.0057471912143682901 2.0940101571412533 0.18028911890850285 -0.06233006264486713 1 CAMERA 79 79
80 80 0.99913665028927667 0.023641142329657593 -0.033731130595160808 0.0054093684330816898 2.0421822242421648 0.17378919853818955 -0.059526831720428434 1 CAMERA 80 80
81 81 0.99914846976541749 0.023760609239252377 -0.033334985418269424 0.0051524325486251464 1.9895667463669002 0.16902122680952314 -0.05550472867685733 1 CAMERA 81 81
82 82 0.99916086741591237 0.023088487632853472 -0.033475134069548759 0.0048885746936230996 1.9367792730152684 0.16438882213326253 -0.051859126670111617 1 CAMERA 82 82
83 83 0.99915895664197996 0.022732216163988687 -0.033874078710667298 0.0041439717527128831 1.8853808851082858 0.15719060859651787 -0.047254800557942574 1 CAMERA 83 83
84 84 0.99917955208274201 0.022737233957639612 -0.033310765718562819 0.003692394741853833 1.8323205811098837 0.1514326663709194 -0.041236762993720096 1 CAMERA 84 84
85 85 0.99918825686016854 0.0220135015268377 -0.033555613674399853 0.0035005562701206157 1.7809860554379986 0.14738566890588115 -0.049729359911521408 1 CAMERA 85 85
86 86 0.99920002789000584 0.021621187675383818 -0.033493103531738441 0.0031686785778768504 1.7289848815741913 0.14171218174278716 -0.048042076007326052 1 CAMERA 86 86
87 87 0.99923641583763967 0.021311874265088931 -0.032604828647533814 0.0030519548033561038 1.6757370961126505 0.13766732912896501 -0.045275528124845012 1 CAMERA 87 87
88 88 0.9992477043901169 0.020307903039680098 -0.032877837046379817 0.0032652988169903285 1.6245581981367578 0.13444814744567424 -0.042400022240771475 1 CAMERA 88 88
89 89 0.99925799002517901 0.020118712617617385 -0.032699848097890664 0.0030702944197357296 1.5716700865197224 0.1300940905465636 -0.035654748499937002 1 CAMERA 89 89
90 90 0.99928502606105174 0.01963949121198617 -0.032152748673812181 0.003150845571660902 1.5203993664860422 0.12635237760706169 -0.039434538031524982 1 CAMERA 90 90
91 91 0.99930440575103097 0.018654694859332507 -0.032114520536264395 0.0033711388298306383 1.4672339331767941 0.12299240320695527 -0.029113938039298484 1 CAMERA 91 91
92 92 0.99930587359581002 0.018517455606940823 -0.032172522051397777 0.0031310796240824721 1.4159799267790658 0.1188875145120486 -0.033336124725156555 1 CAMERA 92 92
93 93 0.99934076985983955 0.017832425502872801 -0.031478243529864031 0.0030249761820807489 1.3636367866583461 0.11424021823272638 -0.037875614515545331 1 CAMERA 93 93
94 94 0.9993540805917891 0.017029527952298115 -0.031502095081119473 0.0030057923683966016 1.3113452085001676 0.11014929407153909 -0.034243733400671106 1 CAMERA 94 94
95 95 0.9993615253172452 0.016949742527599992 -0.031323735129747711 0.0028410493411231649 1.2594505360333881 0.10651482869364556 -0.02977139380043593 1 CAMERA 95 95
96 96 0.99939257852005625 0.016122913865417216 -0.030739455638086638 0.0031002442799822651 1.2068600165375118 0.10383647757790272 -0.029747918643280608 1 CAMERA 96 96
97 97 0.99940324037154515 0.01530289476379006 -0.030819683043590534 0.0030218676007615088 1.1545180815299128 0.099218957286112838 -0.028555789734436968 1 CAMERA 97 97
98 98 0.99942039001475147 0.01490090739236455 -0.030463191992100926 0.002973367669595372 1.1028816311130876 0.095134266535301271 -0.035663209813873498 1 CAMERA 98 98
99 99 0.99944228250079004 0.013989214359212288 -0.030154954132574421 0.0031787690204464624 1.0512301869280518 0.091622965377790785 -0.033644027028657694 1 CAMERA 99 99
100 100 0.99944713832665 0.013293144155635232 -0.030331474262188799 0.0029515552188467144 0.99953490038340143 0.087756633186006475 -0.029540935031561459 1 CAMERA 100 100
101 101 0.99946758696438365 0.012811048450040205 -0.029841745403777837 0.0031448173967988909 0.94725076891898652 0.084087024960410151 -0.033527431968375161 1 CAMERA 101 101
102 102 0.99948550357711674 0.011712853720087893 -0.029646467342385498 0.0035530509489878652 0.89563906869939147 0.081035309280638138 -0.033251901710590961 1 CAMERA 102 102
103 103 0.99949397657146488 0.011317951037516698 -0.029528214017716842 0.0034321070199455255 0.84377874279129272 0.077840904881001829 -0.030961012434373946 1 CAMERA 103 103
104 104 0.99951662179284728 0.010719724826092384 -0.028951224986503137 0.0036656283565155599 0.79203560783869975 0.073554683124806411 -0.037264095209281929 1 CAMERA 104 104
105 105 0.99953408817762968 0.0096513309045944597 -0.028687385279521097 0.003936026995442459 0.73856106747863914 0.070278202310315327 -0.044343348466548714 1 CAMERA 105 105
106 106 0.99954102753369967 0.0089286308107755317 -0.028715348061217109 0.0036664171126489474 0.68808276360301146 0.065003009771081685 -0.037753489143831885 1 CAMERA 106 106
107 107 0.99956368942879226 0.0086245008726910082 -0.028009177149919805 0.0036789612096997065 0.63588501412092036 0.061638040568182256 -0.039861174399690329 1 CAMERA 107 107
108 108 0.99957427323734727 0.007536823856904116 -0.027935152615326999 0.0037544395770340924 0.58366784081702339 0.057618453175125345 -0.033755575919148649 1 CAMERA 108 108
109 109 0.99958787779219249 0.00725097619693299 -0.027564202957168538 0.0034223720470216508 0.53213205761917493 0.053142586987244909 -0.038465368383905803 1 CAMERA 109 109
110 110 0.99960443884383032 0.0067276161620939464 -0.02711674606517845 0.0032229035547435363 0.48029104770098063 0.050095842277310579 -0.051861873939399596 1 CAMERA 110 110
111 111 0.99960421806489197 0.0059049688638296311 -0.027340723973280336 0.0030038945071528349 0.42907115386522354 0.04613063635529726 -0.04328111133601658 1 CAMERA 111 111
112 112 0.9996190231823987 0.0059154773963748563 -0.02682237546746525 0.002715841181375747 0.3775666086462805 0.042355713614231856 -0.03532106942804536 1 CAMERA 112 112
113 113 0.99963267075349138 0.0053429942398332915 -0.026447229534703146 0.0025534339102343722 0.32537579134027322 0.037603664938668312 -0.032738177949924008 1 CAMERA 113 113
114 114 0.99962816550833444 0.0045411446314972074 -0.026774433922729369 0.0024573188631740331 0.27331542195076708 0.032629385740084609 -0.027088165712080722 1 CAMERA 114 114
115 115 0.9996366563068505 0.0050207373291137466 -0.026415031122821956 0.0018957043841846578 0.2219966763097754 0.030159441551034595 -0.036192284622097462 1 CAMERA 115 115
116 116 0.99964612576238521 0.0043950847844846956 -0.026182661908835943 0.0016657410838582048 0.1696045266229029 0.02564945897505222 -0.030896241384157721 1 CAMERA 116 116
117 117 0.99963635481473778 0.0039574271630992844 -0.026638361004960375 0.0013764541118374035 0.11820689325901511 0.021857229630953275 -0.031913914196611805 1 CAMERA 117 117
118 118 0.99964503586178277 0.0041404339047378244 -0.026305669742040048 0.0008190380933230444 0.066485255613480218 0.017735118304063737 -0.030157450772798827 1 CAMERA 118 118
119 119 0.99963879331574057 0.0037684838415488467 -0.026605189908101665 0.0004952754183887093 0.015646338987886775 0.014951379273894146 -0.037290353782509465 1 CAMERA 119 119
120 120 0.99963014797796446 0.0036352960367706938 -0.026950727400641875 -0.00010084073634228138 -0.036121739288343023 0.010479831233391209 -0.027010724579963629 1 CAMERA 120 120
121 121 0.99963657615292401 0.0040866712171002293 -0.026640064248385626 -0.0005671970244680622 -0.087677533545117536 0.0077420998886307277 -0.028726075388512101 1 CAMERA 121 121
122 122 0.99962756026656474 0.003541334325711134 -0.027050201416121675 -0.00069735934520296359 -0.13884206948239192 0.0040230766565699464 -0.030737506521552108 1 CAMERA 122 122
123 123 0.99961256906315066 0.0036536262824853182 -0.027558431872248709 -0.0013768146928152566 -0.19021428007022162 0.0010999177024743495 -0.030264295542821552 1 CAMERA 123 123
124 124 0.99961731702957768 0.0038863623659397472 -0.027330012208825631 -0.001784969135594261 -0.24207008900422311 -0.0024207395540754278 -0.028334329429037686 1 CAMERA 124 124
125 125 0.99961218583945644 0.0034423444896313484 -0.027572234609086529 -0.0018439263380870944 -0.29393253957861915 -0.0064527823261562069 -0.026033945985393183 1 CAMERA 125 125
126 126 0.99959768296158324 0.0039446068791263358 -0.027972002749034088 -0.002545458035681996 -0.34570819105785316 -0.008263422705500156 -0.030421641334981885 1 CAMERA 126 126
127 127 0.99959506435826961 0.0039886426244218256 -0.028008250979529133 -0.0030554733953135275 -0.39682931408995126 -0.011445122162835027 -0.033463035108455975 1 CAMERA 127 127
128 128 0.99958276610010854 0.0033020103066706695 -0.028525616817265394 -0.0031112101801473099 -0.44912505879036579 -0.015409057078304266 -0.032011809610737206 1 CAMERA 128 128
129 129 0.99957234377154502 0.0038591547383545737 -0.028732082941174658 -0.0038345666804944748 -0.50033801000267275 -0.017642968177987821 -0.042541280411674064 1 CAMERA 129 129
130 130 0.99956924780677348 0.0036904590116603039 -0.028814743852525256 -0.0041725157876019107 -0.55141973336436434 -0.0203251486120197 -0.037784304695567025 1 CAMERA 130 130
131 131 0.99956442416546731 0.0031683599154445534 -0.029068551787797402 -0.0039928354792236635 -0.60448586393649062 -0.023096055498690923 -0.040673768773521954 1 CAMERA 131 131
132 132 0.99955974535035397 0.0036381244165641122 -0.029105569668714502 -0.0044660206140203487 -0.6557251161651747 -0.02578499687312295 -0.031314337845861552 1 CAMERA 132 132
133 133 0.99955288729875802 0.0031863273070942689 -0.029325419572824276 -0.0048880034662925932 -0.70749454273962098 -0.028866962516828062 -0.034892853726269921 1 CAMERA 133 133
134 134 0.99954050634039115 0.0027320680697233519 -0.029738694812065418 -0.0051886433421304947 -0.75978471121237823 -0.031434038826800563 -0.033409528799208173 1 CAMERA 134 134
135 135 0.99953640787018472 0.0028961038705061547 -0.029798753384209474 -0.005533192666642938 -0.80954180257594199 -0.035275401724235815 -0.030554408986279872 1 CAMERA 135 135
136 136 0.99955188619121993 0.0026583028009991177 -0.029276000560055138 -0.0056458860243907292 -0.86328454215522488 -0.037274638366425965 -0.028363467991958671 1 CAMERA 136 136
137 137 0.99955649140054292 0.0022490366603681059 -0.029173780078086253 -0.0055365051333943404 -0.91604891853577164 -0.039394764882349685 -0.02615272194070942 1 CAMERA 137 137
138 138 0.99957061150859428 0.0023482908427017455 -0.028639332691881177 -0.0057329539869914068 -0.96796688737930858 -0.042736755177288262 -0.024666334556208269 1 CAMERA 138 138
139 139 0.99957643413453501 0.0016023118753044226 -0.028569892718430464 -0.0053052944875358792 -1.0202172588753309 -0.046478679701645868 -0.021115551409066083 1 CAMERA 139 139
140 140 0.99958468486721297 0.0015795555429608059 -0.028300110815717813 -0.0052025485119606366 -1.0728759109716601 -0.048850141931948358 -0.018033102146191259 1 CAMERA 140 140
141 141 0.99960531449848677 0.0014713036259213345 -0.027655830250742117 -0.0047122760067639146 -1.1241956641037323 -0.05308367495945062 -0.014895232796812222 1 CAMERA 141 141
142 142 0.99960788971590175 0.0006983371360061865 -0.027671644192152591 -0.0042260206659376041 -1.1760551518689097 -0.05664694994421178 -0.011199375516448326 1 CAMERA 142 142
143 143 0.99961617326278895 0.00044770308028830051 -0.027407523159237952 -0.0040166388542807671 -1.2286091907832333 -0.060808628813294276 0.0019941856088520758 1 CAMERA 143 143
144 144 0.99963675612617486 0.00023736187481930511 -0.026715851392051015 -0.0035443963204679694 -1.2799966886112706 -0.065480201432216487 0.0091011605413555269 1 CAMERA 144 144
145 145 0.99964182685437919 -0.00078569474627062264 -0.026599790699938442 -0.0028375732104146045 -1.3330929639344755 -0.070486687443252538 0.011965237938347913 1 CAMERA 145 145
146 146 0.99964975740365802 -0.00071310076091605731 -0.026313373624647491 -0.0027313693639440485 -1.3846299923227356 -0.074331149000003691 0.01955352271673183 1 CAMERA 146 146
147 147 0.99966877340088178 -0.0013188395730756261 -0.025600785277968743 -0.0022812151385479709 -1.4369537245666333 -0.079027567960765321 0.028801440674034177 1 CAMERA 147 147
148 148 0.99966023230351009 -0.0022655369049892587 -0.025927084191366665 -0.0014399995688847153 -1.4888189656435202 -0.084831826770260563 0.034019572815241067 1 CAMERA 148 148
149 149 0.99967791490770685 -0.0025591008811310248 -0.02522834673283356 -0.0010237038575565403 -1.5411463643836047 -0.089949866735682366 0.043555680097116745 1 CAMERA 149 149
150 150 0.99969220802137826 -0.003125070345135564 -0.024602193352207931 -0.00067471396906744658 -1.5923791379807368 -0.095152188126497173 0.049817510745388774 1 CAMERA 150 150
151 151 0.99968451003801562 -0.0042204807137410138 -0.024759952259360538 -0.00011267968687877818 -1.6443951647582544 -0.10078037745851984 0.056809540046706609 1 CAMERA 151 151
152 152 0.99969828719033615 -0.0043833528675585849 -0.024167725887597805 0.00020452816130212491 -1.6958349013121938 -0.10506541880365121 0.060667493020466333 1 CAMERA 152 152
153 153 0.99971909077138321 -0.0052751998993149675 -0.023096660400160646 0.00067534555669697296 -1.7486753145134626 -0.11126711345406773 0.074656204348327676 1 CAMERA 153 153
154 154 0.99970347409987081 -0.0061372503825049924 -0.023539770035409843 0.0010850147793727576 -1.7999442405951993 -0.11630856902783193 0.074913773642350481 1 CAMERA 154 154
155 155 0.99971638862683787 -0.0062765850490155472 -0.022918134823677671 0.0015829994439280233 -1.851394680121403 -0.12219057270583791 0.081919956520875636 1 CAMERA 155 155
156 156 0.99971891462878415 -0.0070078609018284404 -0.02254369990511626 0.002182478777578308 -1.9024277820548992 -0.12828673539090402 0.086706034727355108 1 CAMERA 156 156
157 157 0.99970695995571557 -0.0078439003169687438 -0.022767772914823303 0.0024689998821204435 -1.9553989509159375 -0.13439937851851869 0.10068834217899232 1 CAMERA 157 157
158 158 0.99971136715182163 -0.0080299124364463844 -0.022499638142421095 0.0025434577171508069 -2.0068118428405755 -0.13806773001566061 0.098614050784155638 1 CAMERA 158 158
159 159 0.99970124597984933 -0.0087691837842201453 -0.022670253215951904 0.0025651162196094163 -2.0579013643866717 -0.14255791368265078 0.10863846189209213 1 CAMERA 159 159
160 160 0.99969407303295987 -0.0089183828335615278 -0.022974878408738394 0.0020923079383376527 -2.1101774256558521 -0.14477886546879046 0.10836738889054134 1 CAMERA 160 160
161 161 0.99968606578551678 -0.0091344762731514571 -0.023265416471345633 0.0017468869184196372 -2.1620521273386974 -0.14796008728676494 0.11620212486202791 1 CAMERA 161 161
162 162 0.99967463744403251 -0.0097270660841198113 -0.023526142706624942 0.0015887246094797086 -2.2139260635967131 -0.15144121823077589 0.1178053549382765 1 CAMERA 162 162
163 163 0.99966913633456589 -0.0093983097798234615 -0.02393024039322161 0.00079575631216359901 -2.2656822163681465 -0.1518998383897148 0.11284182663402896 1 CAMERA 163 163
164 164 0.99965980913523445 -0.0091771854928051014 -0.024413795660631565 0.00010884658051498949 -2.3178927947801964 -0.15294447632598099 0.11458442855858474 1 CAMERA 164 164
165 165 0.99963820625981847 -0.0094288773167269663 -0.025190301291147868 3.9737387910887469e-05 -2.3693346685127556 -0.15711771109818165 0.11949161549317962 1 CAMERA 165 165
166 166 0.9996418028189038 -0.0085946274230825088 -0.025336173351611754 -0.00069047543584479598 -2.422616151538258 -0.15817328831003646 0.12452776847128569 1 CAMERA 166 166
167 167 0.99964687576233346 -0.0079776640535568002 -0.025312998456171885 -0.0013163449442440721 -2.4755980270164066 -0.15875208674947522 0.12181998969124283 1 CAMERA 167 167
168 168 0.99962670967935774 -0.0078480788627559184 -0.026129194791062047 -0.0014540059683138308 -2.5272160243646944 -0.16199800290939823 0.1164909891818261 1 CAMERA 168 168
169 169 0.99962722179758534 -0.0067528107361159093 -0.026359489533057754 -0.0022347930463521692 -2.5794674102787449 -0.16163359108123165 0.11635901500836955 1 CAMERA 169 169
170 170 0.99962653035877513 -0.006256587346610029 -0.026465977254201578 -0.002684579227970369 -2.6314939419293593 -0.16401294971179098 0.12201547884640979 1 CAMERA 170 170
171 171 0.99961871678212655 -0.0057462004468837842 -0.026827015744567254 -0.0031166433096592857 -2.6835383599880043 -0.16566074218049906 0.11955898982451704 1 CAMERA 171 171
172 172 0.99961637023436622 -0.0045071098903288805 -0.027042957825329724 -0.0039340503256165543 -2.7362418684633463 -0.16560811125534564 0.12624944504228006 1 CAMERA 172 172
173 173 0.99960899995636532 -0.0041820621094426028 -0.027314038088440028 -0.0042779534886630329 -2.7881912324985754 -0.168074857118784 0.12952204084897159 1 CAMERA 173 173
174 174 0.99960018091646285 -0.0035297114853612369 -0.027634004882976848 -0.0048354133982995307 -2.8400429632358395 -0.16827033745853884 0.12589349158544788 1 CAMERA 174 174
175 175 0.9996022640843325 -0.0023819305580431624 -0.027587214444343627 -0.0053465543572469836 -2.8923383298106908 -0.1702885273899494 0.13479774575401796 1 CAMERA 175 175
176 176 0.99958672381158475 -0.0020156227741506714 -0.028178094448300169 -0.0053210748648816406 -2.9433956687798264 -0.17379832584312088 0.1343036383833347 1 CAMERA 176 176
177 177 0.9995818281883756 -0.0011691319768560968 -0.028345165809831582 -0.0055994161498142602 -2.9952360534727016 -0.17569155051836219 0.13266292541581901 1 CAMERA 177 177
178 178 0.99958814977294908 -0.00028302512786337268 -0.028106227965062052 -0.0057871132566471913 -3.048008184760532 -0.17939367616335192 0.13718461595535944 1 CAMERA 178 178
179 179 0.99957861082826971 -0.00039446488255229982 -0.028564387820431955 -0.0051498466508066902 -3.0996706045786309 -0.18680251235149356 0.13469611625367311 1 CAMERA 179 179
180 180 0.99957674025372423 0.00040555671716858418 -0.02864150864975757 -0.0050832912324439514 -3.1511504606301011 -0.19072726441163301 0.13494661813461098 1 CAMERA 180 180
181 181 0.99958633398723906 0.0011464586261466093 -0.028300803434122047 -0.0049910984315522256 -3.2040090638850853 -0.19608993570406005 0.14167921127918404 1 CAMERA 181 181
182 182 0.99957597364588713 0.00093581250276510695 -0.02878961022317196 -0.0042609280719404473 -3.2555350762359514 -0.20428945629955395 0.14117053254891698 1 CAMERA 182 182
183 183 0.99957679603091965 0.0016956706732239965 -0.028707384990061403 -0.0043862950837497191 -3.3073339882788959 -0.20774785090782399 0.146267510910153 1 CAMERA 183 183
184 184 0.99958311087736318 0.0020730603352461098 -0.028449814867021573 -0.0044626117478051945 -3.3590381972326826 -0.2121290293792536 0.1505301303278905 1 CAMERA 184 184
185 185 0.9995650202984715 0.0020031520815738234 -0.029096518563213703 -0.0043760924298934922 -3.411007999716726 -0.21679796990526132 0.14304866551988912 1 CAMERA 185 185
186 186 0.9995697099705898 0.0026993189015846403 -0.028843847265448318 -0.0045979410289839484 -3.4631439921760974 -0.21976653403238386 0.1500333072233038 1 CAMERA 186 186
187 187 0.99957668276624856 0.0026467354327436346 -0.0286305911839441 -0.0044428943301995094 -3.5146580921766746 -0.22506157081382905 0.15444626241769396 1 CAMERA 187 187
188 188 0.99955715436283599 0.0027135141569501683 -0.029324293281094788 -0.0042682345945447026 -3.5666250015286312 -0.23105293700658355 0.15074514123949684 1 CAMERA 188 188
189 189 0.99956439481942017 0.0033564105741640416 -0.029031463093716223 -0.0041145191678059077 -3.6188329981139677 -0.23700787467260462 0.15389143192196508 1 CAMERA 189 189
190 190 0.99956325662845957 0.0033711825625225289 -0.029128183718279181 -0.0036715173583545648 -3.6702972799014351 -0.24461878260445635 0.15589697189493484 1 CAMERA 190 190
191 191 0.99954113677651613 0.0037589830948038679 -0.02985960194099254 -0.0034336728919174119 -3.7217248276459753 -0.25048890334761587 0.14799647425863746 1 CAMERA 191 191
192 192 0.999548355564854 0.0044817111188771514 -0.02956354217595842 -0.0029993544394674898 -3.7734822509019743 -0.25904192706265644 0.15145343608553416 1 CAMERA 192 192
193 193 0.99953525451787684 0.0046948292184241886 -0.029990885177637861 -0.0027893298038996041 -3.825025882972739 -0.26493929403137978 0.14941386137210005 1 CAMERA 193 193
194 194 0.99951258777573548 0.0052109768352368527 -0.030649230815751022 -0.0028385293160642991 -3.8768695664747228 -0.2700333584326946 0.1463057438008416 1 CAMERA 194 194
195 195 0.99951267912062813 0.0063580881109058631 -0.030439777413712468 -0.0027200999397019826 -3.9291150966814459 -0.27470393422136369 0.1436379808196768 1 CAMERA 195 195
196 196 0.99949620195991518 0.006297037917818946 -0.031019285708194472 -0.0023438206671418009 -3.9797195617220469 -0.2831850191090739 0.15394667936151174 1 CAMERA 196 196
197 197 0.99947914678190575 0.0072475269669299552 -0.031325944399919141 -0.0027556684181009577 -4.032912114459414 -0.28448827723633519 0.14283829746732157 1 CAMERA 197 197
198 198 0.99946754749327071 0.0081691589361088356 -0.03146297863343387 -0.0028226451380777761 -4.0845169833456767 -0.28789211982656771 0.14158343757064457 1 CAMERA 198 198
199 199 0.99944526906670683 0.0083324483209528816 -0.032138347495396014 -0.0026174539961652237 -4.1362772685860714 -0.29504522240861991 0.13927106074200571 1 CAMERA 199 199
200 200 0.99942563965297626 0.0093532911865922413 -0.032441921075066729 -0.0029031887946279269 -4.1880709534949316 -0.29690898498451468 0.13531323185222835 1 CAMERA 200 200
201 201 0.99941848328411376 0.01023864053741368 -0.032385949106554353 -0.0030026339262503427 -4.239192813515487 -0.30152313737206404 0.14344965068599194 1 CAMERA 201 201
202 202 0.99939951490643697 0.010479890795126841 -0.032901259288984006 -0.0028789982459065029 -4.2921003573039682 -0.30664786631480084 0.12489495745716846 1 CAMERA 202 202
203 203 0.99939264212873369 0.011357652316191749 -0.03281294262622008 -0.0029430237888553121 -4.3442013165436579 -0.31080954961776575 0.13161191900041322 1 CAMERA 203 203
204 204 0.9993880438039151 0.011662545209849915 -0.032827379708411757 -0.0031442141294367224 -4.3963930695793145 -0.31372904009688601 0.13310100608166098 1 CAMERA 204 204
205 205 0.99937517792887576 0.012005384418509084 -0.033084784327907228 -0.0032436908865835731 -4.4480090860875636 -0.31723592199578132 0.12586740282319112 1 CAMERA 205 205
206 206 0.99937384595749734 0.012790805094875264 -0.032837657433873985 -0.0031622105244439279 -4.5004200527881286 -0.32288280045676399 0.12629210032532853 1 CAMERA 206 206
207 207 0.99937711279836949 0.013033534464078985 -0.032678852526084129 -0.0027578962539294635 -4.5521144016001207 -0.33130574378241445 0.12706096694061614 1 CAMERA 207 207
208 208 0.99936635155661002 0.012950183395538736 -0.033056820269955357 -0.0025366828915085416 -4.603366340146068 -0.33813492876870621 0.12509087375227793 1 CAMERA 208 208
209 209 0.99937196018070662 0.013570449005917437 -0.032665898183627591 -0.0021135785310344244 -4.6547707397700853 -0.3460205645215606 0.1304928401956256 1 CAMERA 209 209
210 210 0.99937239301516567 0.013427320020443962 -0.032738074226956806 -0.0016570009415079398 -4.706103961699557 -0.35565852926203362 0.12919717041758 1 CAMERA 210 210
211 211 0.99935335682738136 0.013675530091523889 -0.033214851644456179 -0.0016191679336297166 -4.7570837317242844 -0.36045544522572437 0.12599007876198934 1 CAMERA 211 211
212 212 0.99935740481816959 0.014078434020445958 -0.032939431966073567 -0.0012525782919431171 -4.8087404302112384 -0.36893653170313262 0.13247103320134399 1 CAMERA 212 212
213 213 0.99935899230292269 0.013691572549894844 -0.033068341551108896 -0.00079380819942068582 -4.8596451318736378 -0.37789386387381124 0.13189601436075901 1 CAMERA 213 213
214 214 0.99935122039716107 0.014068213584046592 -0.033136046861650913 -0.001107273968355382 -4.9119324155617692 -0.37930889471518969 0.13557123366475385 1 CAMERA 214 214
215 215 0.99934518954223739 0.014652162966652308 -0.033061579752462107 -0.0011992512080402497 -4.9632021577220105 -0.3835845790039088 0.13719051734235915 1 CAMERA 215 215
216 216 0.99933761754630523 0.014463286293258463 -0.033385330167178671 -0.00074782090253266639 -5.0143810025763855 -0.39213630740881911 0.13064115366167672 1 CAMERA 216 216
217 217 0.99932141441503264 0.015346420984630221 -0.033468506794608298 -0.0010281573034701399 -5.0665373440383048 -0.39505951613877194 0.12694189306036829 1 CAMERA 217 217
218 218 0.99931651009345368 0.015596209474938548 -0.033506057809029918 -0.00078421601109288227 -5.1176211990178215 -0.40249799965402538 0.13522611908474672 1 CAMERA 218 218
219 219 0.9992929271991231 0.015634485751110011 -0.034189138752004231 -0.00055793951512045099 -5.1687850419703478 -0.40950450507797403 0.13035261820005398 1 CAMERA 219 219
220 220 0.99928170031684571 0.016721364499671338 -0.03399476320896816 -0.00091403255354207899 -5.2210551258473998 -0.41095539926915653 0.13721354404971745 1 CAMERA 220 220
221 221 0.99927451849125826 0.017097133877379732 -0.034024050203125995 -0.00069908155331323437 -5.2715848815924957 -0.41814014048924597 0.13857655864035745 1 CAMERA 221 221
222 222 0.9992516603790107 0.01732949623898062 -0.034577229897856575 -0.00047218903448030503 -5.3233268554518336 -0.42492782716169158 0.1348171064876823 1 CAMERA 222 222
223 223 0.9992451197199872 0.01814843764271076 -0.034348203453166859 -0.00016076833354316064 -5.3746975838683371 -0.43332240131974531 0.14250610384628376 1 CAMERA 223 223
224 224 0.999230125838515 0.018757051128119255 -0.034457152786569058 -0.0001824049494935462 -5.4259637086584815 -0.43788340369294809 0.1425514595993862 1 CAMERA 224 224
225 225 0.99920478186377459 0.019233732696244985 -0.034926332637559968 -0.00013680506850313688 -5.4779454080564101 -0.44391754842923759 0.14051654101028802 1 CAMERA 225 225
226 226 0.99919240250020691 0.020119615110117964 -0.034779905548461769 0.00031944283544403364 -5.5288810465465028 -0.45374670815188078 0.14419996671078314 1 CAMERA 226 226
227 227 0.9991835243282855 0.020298850972065414 -0.034924540312700134 0.00071961383188472465 -5.5802486565917118 -0.4638634225892741 0.14305597711693466 1 CAMERA 227 227
228 228 0.99914303268230686 0.020961905481509203 -0.035687182464830172 0.00047304197366515431 -5.6320689384268485 -0.46591229194628364 0.13256167635162788 1 CAMERA 228 228
229 229 0.99912936511478534 0.021972661529576394 -0.035457524979787283 0.00069125461333635239 -5.6833374014655655 -0.47398768907573274 0.13657833229605865 1 CAMERA 229 229
230 230 0.99911251968018999 0.022089676637273254 -0.035852042120858525 0.00092210635332613431 -5.7342497094576128 -0.48163005715228391 0.12615746765879521 1 CAMERA 230 230
231 231 0.99907667196615668 0.022703750962685121 -0.036472586992700645 0.00030597926878027636 -5.7862973114139944 -0.47967103283754192 0.12037337266842223 1 CAMERA 231 231
232 232 0.99906000714286636 0.023373632838329033 -0.036506806380270443 0.00016882993896335618 -5.8379758420751511 -0.48315789449443924 0.11864569965070715 1 CAMERA 232 232
233 233 0.99905194648270468 0.023262127045491982 -0.036793548046331899 0.00056258030614930049 -5.8895724339411952 -0.49315110070419094 0.11420055670191298 1 CAMERA 233 233
234 234 0.99900993795444903 0.024117490777692249 -0.037381389815885104 0.00034957441096743213 -5.9411349602984895 -0.49582096803131409 0.10570324346110549 1 CAMERA 234 234
235 235 0.99898957649565845 0.024873810990405761 -0.037423523344088376 0.00077426116583565233 -5.9923201961359736 -0.50602815454164241 0.1049571840775364 1 CAMERA 235 235
236 236 0.99895800781262412 0.024781102597830871 -0.038295539682383417 0.0014990735486123958 -6.0426080031281071 -0.51984397325578813 0.088780000024176117 1 CAMERA 236 236
237 237 0.99890434052653232 0.026008077441141243 -0.038886461318959203 0.0012415760783267959 -6.0942692781647523 -0.52217493451566077 0.078427886914435613 1 CAMERA 237 237
238 238 0.99888395574293376 0.026648585806516228 -0.038957906099549217 0.0017255104173435961 -6.1449272405936144 -0.53339268115239291 0.074156887132535612 1 CAMERA 238 238
